16345,7070
38301,9020
3569,3850
16943,2900
15666,5080
32554,6460
41893,990
18735,4900
49270,210
52940,690
6830,6910
271,5260
29051,8000
27524,6640
2001,4880
18022,9280
38281,1970
34122,3560
39727,9160
35946,4480
40902,3610
24792,300
44986,1200
31292,7080
7879,6470
2806,3480
27797,9090
44321,170
7059,930
41789,3060
12422,6110
43452,2260
42004,3760
30124,7200
26720,1730
47047,7910
19314,4000
29733,7960
19605,2160
43574,5120
26701,9060
15140,9330
46114,1730
17638,4600
6552,9660
17855,8210
35763,2510
24425,3560
41687,960
42195,4830
33139,6820
6547,3180
42621,6140
13920,5550
34908,8080
23781,3530
8012,9110
13206,1180
15153,5060
2156,2910
26597,2850
25749,560
18692,6810
25997,2360
24639,2250
36571,2550
52053,780
33429,7750
52708,5550
35266,7800
26991,4770
21525,6630
34052,7930
27812,1160
54660,7800
20768,6260
14372,4080
54210,9260
17794,200
37761,2200
31623,180
5906,4970
13312,9300
39855,5880
16911,7510
52498,2240
41835,6610
28213,9200
31870,6410
44321,170
52834,6950
637,2390
27491,200
54034,3350
4387,3530
15033,1830
16527,6910
40003,2530
28451,500
45305,3150
4022,8600
52225,5100
53980,30
22617,6580
27323,4130
17276,8850
20353,7250
30245,3420
10366,4160
25506,6040
14767,9500
26643,8370
8335,3510
72,6330
11220,1700
25997,2360
1569,2330
49863,190
50269,1560
785,210
10102,7590
43655,6290
52267,5710
21599,9310
38231,3360
38755,3820
22156,5010
48593,4220
26530,390
14138,2570
7131,6020
35374,5320
37233,6130
1640,2170
38281,1970
24425,3560
52046,1190
28346,8890
10906,5430
20637,8480
51337,9680
20879,2070
22816,1210
22857,6460
33193,5170
29164,8900
47160,7560
45117,3550
47922,6080
22725,7240
40509,1110
7059,930
45287,3860
11224,870
27125,4010
8286,1670
53299,7870
18713,7020
43201,9530
23013,5860
13981,9070
47728,7340
2362,5530
33035,8180
41955,940
32324,4850
41454,3590
27059,9320
50959,5750
16085,8390
52046,1190
55359,9010
1187,3570
47564,6770
42809,5660
3779,6510
46832,4300
55421,2750
13051,5340
1081,6970
4304,3170
49622,9100
10107,8680
21630,8010
16691,9410
9769,6330
2308,1710
20476,5440
35489,4800
16120,7680
20027,720
32794,8660
38231,3360
23581,1290
54472,2700
48747,3220
9210,9020
53474,7730
49083,8870
23882,4250
28346,8890
6613,4380
47070,3310
22093,600
11800,3260
8930,9520
40277,7600
28213,9200
36147,8970
17221,9340
19655,5090
35523,1880
10668,7460
49372,5980
29180,7300
38288,640
43933,3990
43836,5930
18334,9450
3361,1030
10840,4980
16931,5130
43654,9420
41176,2140
7159,6010
25187,9620
9381,7150
41937,3840
45351,3320
32516,2030
34884,9620
44186,300
2474,5750
36934,3520
30278,3570
15635,4290
53076,5950
4328,1360
5657,7760
44813,5580
14484,6780
26758,7120
8309,510
18049,9250
11385,270
27222,4270
52628,3340
49424,9160
38597,660
25432,750
45731,7440
46905,1430
54223,1330
26446,7270
42505,8810
6680,6920
34045,4320
7756,6060
48538,4940
53720,2810
39051,5420
23796,3540
47372,9000
17486,5250
6677,7170
4082,3770
1592,3210
8654,6350
9190,1970
52275,2730
17107,6500
30424,7180
39727,9160
18115,1160
46034,2900
49750,2430
37274,3670
18394,320
16526,7550
16822,6760
30300,5430
8654,6350
55032,3180
16374,7170
26826,9560
41594,3480
18180,9050
55273,10
4544,9490
27844,5700
25065,6390
10541,540
27235,6860
28696,5720
49210,9590
8952,8890
15401,4840
16129,1880
20637,8480
12476,6410
25317,8050
51158,1150
6552,9660
5252,1490
18417,7970
31816,6110
2037,3080
43933,3990
42801,2240
20285,3450
47135,7420
33644,3380
18353,680
3099,2400
26597,2850
53557,2690
33682,5950
30580,7600
23734,820
2072,9580
12997,5780
44094,1950
25955,4060
49184,5230
51590,990
40571,310
37507,6230
6301,9460
29307,2110
3756,2290
55554,5140
28709,330
14839,3370
36001,6830
18649,8890
43327,9650
34997,4970
43689,3140
10055,3440
50838,2790
45857,5140
47112,3270
8130,6640
54302,8080
30720,4030
55340,4480
23017,5800
54768,5320
11941,8500
51845,9140
40299,6270
14511,7870
42297,1180
27844,5700
7364,7120
11941,8500
53183,5670
52672,1290
35691,2890
53386,3140
17168,4500
42451,3460
49762,1420
2514,9670
16098,1980
16691,9410
46884,3410
15233,8350
10200,1870
49567,5440
29724,720
45071,5320
26533,580
24985,4140
40596,5830
45009,650
5812,7820
42104,6220
36510,6100
12224,3020
47112,3270
8325,9280
1240,2870
16534,790
50700,950
17964,1580
856,5970
26350,6980
37274,3670
49756,2800
7665,9320
7246,2900
3425,2030
30285,4280
30069,7010
7666,3070
22573,6000
54290,9550
51947,1140
50771,2490
25383,1760
8584,9000
44694,4970
39803,6850
39803,6850
6127,8510
21082,270
40919,6630
29196,1570
5906,4970
27335,4600
23581,1290
46209,7980
44186,300
37358,1580
47238,5700
8819,9200
35389,1920
33113,8600
47545,6530
39233,1460
22251,9120
43201,9530
7654,2340
27490,3410
21795,8550
22955,1190
3008,4020
31880,2180
10386,380
5906,4970
20660,360
33457,6190
52807,9080
23956,440
21706,8250
1243,8480
35763,2510
26959,5790
35153,5290
32238,3750
6026,140
21141,1260
53720,2810
5163,370
47695,2860
31870,6410
47139,670
29816,9590
35129,750
5336,1830
2072,9580
18660,7570
50206,1110
446,6240
12459,5010
21257,1650
37463,7560
37811,7970
3817,8630
72,6330
20078,5770
12709,5560
13360,3460
27235,6860
9134,6080
44497,2220
28887,3470
18602,8240
19573,6880
47913,3950
633,720
22627,4850
22227,8410
42528,5100
5611,1170
31399,1710
46385,4770
41518,3790
29780,380
2901,8380
52882,1890
27552,8210
46479,3640
47044,8230
42356,780
41441,3900
54834,6120
41895,490
53718,4590
47001,6750
35392,9460
29586,6210
49920,2480
30245,3420
26804,6500
54352,6160
21675,880
30822,2280
18467,7040
27420,1120
23766,8710
14325,3870
31952,5040
10884,3570
2870,1240
5054,1510
37427,9640
51463,3800
22807,7890
45089,9460
52100,9300
35559,970
29779,1790
11505,5830
344,3580
40072,3980
18637,7340
54302,8080
1640,2170
23518,9610
11075,190
33190,7090
31717,2980
20883,7600
50173,270
48506,7850
39981,4690
19260,6730
7016,8800
29816,9590
55205,4570
14949,1490
42804,4170
40059,2800
52202,8810
9302,5720
42149,1030
38663,2560
22606,4610
42182,20
33374,5110
29982,3450
28151,6530
42099,4150
47583,4870
20036,7960
46432,8280
24261,6290
21702,1710
211,2160
36279,4920
53386,3140
8309,510
33234,3340
38934,4450
41895,490
11370,910
26320,3230
21321,3910
6016,2010
17667,8720
8073,7840
26388,9410
40345,8140
21257,1650
1834,460
47565,8780
25396,1530
15512,3030
39472,5770
34669,1090
36167,1380
53588,5220
45288,7410
16766,5140
24517,3250
1942,3730
50196,2420
55098,4380
32099,4020
13312,9300
28213,9200
15824,8510
34332,420
28534,3360
5064,90
48928,4750
50685,8670
54509,2780
2236,8010
8183,3670
21283,4810
12445,3130
9106,1690
4924,4110
37552,5280
10330,720
54597,6040
34045,4320
15401,4840
11266,2330
40829,7540
45730,2580
12009,8250
32485,20
45785,3710
40282,3810
18568,8840
46801,7100
36932,6860
55147,3620
46220,9560
39942,3420
2156,2910
42594,3330
7756,6060
18754,500
40282,3810
54487,1530
10890,4690
37574,9050
263,5420
21067,910
18280,1680
16946,8370
45323,6480
42131,2950
7225,2640
13040,2950
28831,8690
43071,5110
48807,2620
33493,3540
11303,9220
33758,9510
40299,6270
28414,9210
3537,3830
27122,8190
36230,580
49917,860
9190,1970
27877,9050
23308,8540
50588,3260
39457,4160
47877,5630
6497,100
38129,4900
11220,1700
11220,1700
13306,8590
47001,6750
33582,6320
51247,5010
22962,780
4832,7640
34332,420
15620,8050
48646,5240
14035,7750
46219,2880
2668,3660
32842,7360
19840,6240
7159,6010
34037,9150
50971,4240
5541,9690
35559,970
15685,4740
7888,4090
53630,3990
46905,1430
35534,7310
33300,2320
5812,7820
37221,6640
54287,4190
53555,9500
55405,6680
18032,3510
52647,6540
12614,4910
28387,9270
2308,1710
44021,4590
10107,8680
52046,1190
24517,3250
27676,3310
48385,3200
31790,600
40988,8670
8042,2830
49444,7250
7056,8970
2905,4730
27150,6060
2277,1350
1215,2530
38216,3950
13779,3770
39997,5430
26863,840
6936,2750
53,4940
13351,7290
36126,7260
365,1780
41989,1960
27800,8360
52023,2760
4832,7640
41800,5560
32718,1810
27142,1010
9106,1690
106,2470
22931,3830
19144,1280
18637,7340
3623,5800
20281,5980
35492,1980
19047,2040
45234,3290
26224,6910
11560,1650
34997,4970
28968,3390
30994,6660
26224,6910
9786,7300
9769,6330
40277,7600
32137,850
43930,3370
31896,6800
12796,2400
15291,7050
50729,8500
31028,4040
37788,320
46630,5400
25826,1880
49492,260
10456,4050
5541,9690
51201,2310
8694,7280
32303,4610
1844,8030
48591,2470
3703,8660
53648,370
36403,4200
34045,4320
17746,3960
6855,4480
14598,3140
9633,5000
55421,2750
21000,9220
39528,7430
17340,1100
33253,6540
34747,8310
1403,6960
37861,7040
2332,4520
28914,8930
44688,6520
52241,2290
12005,1710
25569,7800
36732,6570
12265,1990
45417,2380
18032,3510
11849,6340
55411,3230
46479,3640
28151,6530
6403,7810
43583,1450
32902,6150
12566,2660
2462,8220
55438,4640
27142,1010
23367,1750
16739,7060
2806,3480
27797,9090
31255,2720
31825,8750
29981,730
22311,4910
18334,9450
14262,3010
10062,1780
8963,7570
54389,5990
19816,1080
5815,3030
20284,730
37443,9250
11099,4890
40126,2080
49463,7010
30731,2170
42491,8660
21650,5360
471,350
27443,3960
34343,1490
46938,4720
42201,7890
12744,6610
17576,6470
33124,9370
25050,8310
54982,100
36107,8800
7894,8460
20727,7180
10782,3280
6613,4380
54130,8790
27730,9640
50709,7530
16883,8160
22199,6800
5183,8320
32923,5180
55020,6480
3819,8270
54252,6250
38738,6400
14019,9080
30697,9220
40622,460
50799,7740
26318,570
45117,3550
46758,8720
24730,1830
1007,260
45806,590
26071,7170
32918,4680
917,920
19194,1600
46063,8620
358,3440
8576,1410
33124,9370
21147,4630
51684,9600
40922,2940
31479,2140
39430,7960
54225,620
5812,7820
5071,2920
17794,200
5078,7690
36066,4820
6617,7660
35494,7810
53066,290
50947,8220
36706,340
36757,3070
16739,7060
16329,3110
53066,290
26525,6020
39931,4980
5306,1950
3973,1750
38148,500
26251,4210
12796,2400
2037,3080
18076,2450
28887,3470
1569,2330
49887,4890
39153,1780
9908,2160
36325,5130
15722,5580
5456,5060
14550,4310
2008,8340
45785,3710
50947,8220
9207,6590
44813,5580
35921,6910
9647,6400
28222,2600
32104,280
39100,8920
29403,8920
27150,6060
33957,9420
44233,9380
41504,2310
28170,6770
4276,4370
52672,1290
9960,5420
21965,6740
15342,8790
39855,5880
15723,140
40562,2990
8656,680
46268,2550
54300,3030
40153,7580
44513,9260
49062,6840
53966,4860
621,4950
7131,6020
17961,900
40345,8140
39027,6370
10675,7010
27038,8280
4013,2240
1215,2530
41359,6740
172,7160
11471,2990
50999,9670
26985,2270
29196,1570
19936,2630
54074,550
12920,6580
26350,6980
31163,9580
51161,1040
30648,8140
15233,8350
44804,2010
53152,9510
1894,8330
649,6380
37187,3410
14686,7730
8804,1770
3703,8660
15614,2650
45618,6910
51979,630
38660,2500
23134,5100
54051,4960
29729,6490
41330,1400
53928,9330
23535,6620
8150,4720
7230,4650
23581,1290
50637,6340
5913,8490
48520,4710
4488,4250
12413,2310
36398,9060
3301,1930
50093,7520
1277,1420
21782,2140
35038,6550
30306,2530
13920,5550
27797,9090
34640,3350
52264,6510
3874,2020
13985,2820
29615,1610
13772,9440
47044,8230
13324,1810
33746,4410
47194,8360
32806,1480
25695,9460
3402,7830
39193,7590
